image_width: 1280
image_height: 720
camera_name: go2_camera
camera_matrix:
  rows: 3
  cols: 3
  data: [820.904211, 0.000000, 609.249293, 0.000000, 826.297792, 347.179942, 0.000000, 0.000000, 1.000000]
distortion_model: plumb_bob
distortion_coefficients:
  rows: 1
  cols: 5
  data: [-0.354226, 0.099678, -0.000794, 0.004540, 0.000000]
rectification_matrix:
  rows: 3
  cols: 3
  data: [1.000000, 0.000000, 0.000000, 0.000000, 1.000000, 0.000000, 0.000000, 0.000000, 1.000000]
projection_matrix:
  rows: 3
  cols: 4
  data: [597.608421, 0.000000, 609.624265, 0.000000, 0.000000, 765.286158, 344.540138, 0.000000, 0.000000, 0.000000, 1.000000, 0.000000]
